[(7, 36, 64, 255), (26, 87, 168, 255), (106, 159, 214, 255), (205, 187, 122, 255), (202, 142, 41, 255)]
[(20, 42, 73, 255), (18, 114, 133, 255), (250, 229, 182, 255), (43, 44, 48, 255), (144, 56, 46, 255)]
[(31, 48, 64, 255), (75, 96, 116, 255), (134, 167, 166, 255), (190, 198, 176, 255), (241, 232, 215, 255)]
[(106, 103, 105, 255), (194, 180, 150, 255), (217, 165, 109, 255), (236, 127, 80, 255), (196, 96, 99, 255)]
[(83, 82, 92, 255), (125, 186, 116, 255), (226, 198, 107, 255), (220, 135, 34, 255), (151, 83, 31, 255)]
[(26, 28, 35, 255), (53, 67, 77, 255), (107, 100, 77, 255), (218, 172, 115, 255), (209, 114, 54, 255)]
[(58, 114, 77, 255), (134, 213, 61, 255), (184, 185, 48, 255), (237, 70, 54, 255), (210, 40, 59, 255)]
[(229, 131, 102, 255), (245, 235, 203, 255), (132, 221, 201, 255), (59, 96, 109, 255), (56, 50, 57, 255)]
[(245, 117, 118, 255), (150, 147, 116, 255), (210, 193, 131, 255), (246, 210, 161, 255), (176, 200, 208, 255)]
[(128, 129, 97, 255), (235, 228, 196, 255), (215, 97, 47, 255), (64, 64, 49, 255), (54, 48, 30, 255)]
[(172, 16, 78, 255), (40, 19, 61, 255), (82, 47, 59, 255), (206, 153, 118, 255), (218, 187, 87, 255)]
[(231, 73, 80, 255), (233, 37, 99, 255), (227, 232, 191, 255), (20, 168, 150, 255), (35, 122, 102, 255)]
[(254, 207, 248, 255), (181, 109, 173, 255), (61, 84, 95, 255), (114, 228, 195, 255), (200, 248, 182, 255)]
[(75, 52, 52, 255), (148, 140, 144, 255), (194, 194, 169, 255), (219, 195, 189, 255), (200, 78, 73, 255)]
[(31, 30, 45, 255), (134, 52, 48, 255), (122, 126, 100, 255), (131, 189, 121, 255), (254, 214, 161, 255)]
[(212, 224, 176, 255), (169, 220, 173, 255), (104, 192, 169, 255), (60, 133, 134, 255), (38, 72, 85, 255)]
[(50, 59, 59, 255), (103, 103, 93, 255), (249, 251, 241, 255), (182, 209, 148, 255), (174, 74, 61, 255)]
[(248, 93, 66, 255), (220, 194, 124, 255), (14, 158, 161, 255), (31, 136, 138, 255), (98, 110, 82, 255)]
[(62, 134, 142, 255), (115, 177, 140, 255), (237, 215, 117, 255), (240, 153, 103, 255), (250, 85, 96, 255)]
[(43, 39, 55, 255), (75, 58, 88, 255), (112, 111, 126, 255), (132, 189, 186, 255), (221, 239, 233, 255)]
[(207, 88, 74, 255), (253, 248, 217, 255), (68, 209, 204, 255), (17, 54, 66, 255), (32, 37, 44, 255)]
[(11, 44, 53, 255), (68, 151, 134, 255), (253, 253, 250, 255), (216, 116, 51, 255), (149, 59, 34, 255)]
[(252, 170, 42, 255), (18, 32, 43, 255), (106, 106, 110, 255), (201, 215, 220, 255), (163, 197, 187, 255)]
[(231, 204, 162, 255), (210, 221, 192, 255), (132, 166, 153, 255), (63, 96, 111, 255), (28, 55, 77, 255)]
[(65, 75, 105, 255), (98, 129, 156, 255), (139, 194, 222, 255), (253, 253, 252, 255), (196, 70, 20, 255)]
[(80, 51, 80, 255), (112, 120, 128, 255), (220, 195, 166, 255), (241, 155, 123, 255), (229, 169, 134, 255)]
[(251, 125, 53, 255), (217, 232, 155, 255), (117, 226, 174, 255), (38, 115, 107, 255), (76, 73, 37, 255)]
[(63, 93, 84, 255), (129, 84, 97, 255), (218, 83, 79, 255), (218, 98, 45, 255), (247, 201, 109, 255)]
[(67, 52, 59, 255), (160, 125, 124, 255), (246, 242, 231, 255), (204, 178, 160, 255), (178, 72, 72, 255)]
[(28, 26, 31, 255), (123, 134, 142, 255), (238, 243, 227, 255), (222, 201, 182, 255), (198, 70, 76, 255)]
[(65, 102, 60, 255), (243, 211, 114, 255), (197, 143, 93, 255), (188, 32, 33, 255), (83, 16, 18, 255)]
[(115, 14, 53, 255), (186, 83, 64, 255), (218, 217, 196, 255), (187, 194, 177, 255), (74, 71, 57, 255)]
[(39, 52, 68, 255), (103, 132, 136, 255), (213, 185, 161, 255), (249, 235, 208, 255), (208, 82, 25, 255)]
[(95, 73, 60, 255), (101, 140, 142, 255), (92, 162, 165, 255), (191, 194, 194, 255), (244, 235, 208, 255)]
[(18, 76, 53, 255), (70, 121, 71, 255), (195, 174, 78, 255), (237, 152, 44, 255), (156, 40, 28, 255)]
[(243, 211, 159, 255), (190, 66, 54, 255), (198, 98, 26, 255), (78, 86, 55, 255), (42, 81, 51, 255)]
[(208, 206, 150, 255), (164, 196, 178, 255), (159, 208, 163, 255), (98, 70, 65, 255), (207, 52, 53, 255)]
[(132, 113, 77, 255), (167, 147, 16, 255), (106, 89, 15, 255), (117, 96, 17, 255), (207, 176, 11, 255)]
[(221, 206, 173, 255), (116, 101, 86, 255), (87, 17, 17, 255), (46, 18, 23, 255), (98, 63, 32, 255)]
[(239, 235, 224, 255), (152, 202, 177, 255), (53, 118, 104, 255), (11, 46, 52, 255), (19, 47, 41, 255)]
[(219, 74, 98, 255), (188, 134, 112, 255), (198, 207, 182, 255), (242, 239, 202, 255), (131, 198, 167, 255)]
[(190, 86, 109, 255), (254, 123, 11, 255), (238, 226, 103, 255), (199, 204, 153, 255), (58, 195, 206, 255)]
[(230, 142, 106, 255), (240, 226, 169, 255), (161, 212, 184, 255), (116, 186, 164, 255), (52, 85, 71, 255)]
[(124, 134, 94, 255), (183, 142, 103, 255), (213, 171, 126, 255), (199, 139, 82, 255), (113, 100, 86, 255)]
[(170, 204, 211, 255), (184, 225, 220, 255), (246, 127, 101, 255), (211, 91, 84, 255), (183, 77, 63, 255)]
[(188, 162, 107, 255), (211, 183, 132, 255), (157, 159, 137, 255), (117, 80, 79, 255), (50, 57, 56, 255)]
[(248, 239, 212, 255), (209, 203, 156, 255), (121, 109, 81, 255), (57, 53, 47, 255), (32, 31, 31, 255)]
[(49, 58, 54, 255), (102, 111, 86, 255), (157, 139, 97, 255), (212, 181, 117, 255), (235, 235, 222, 255)]
[(159, 146, 84, 255), (101, 137, 68, 255), (59, 116, 83, 255), (64, 84, 34, 255), (46, 58, 31, 255)]
[(21, 23, 23, 255), (29, 26, 31, 255), (31, 36, 40, 255), (23, 32, 31, 255), (254, 253, 252, 255)]
[(14, 34, 43, 255), (20, 83, 94, 255), (154, 141, 79, 255), (231, 182, 73, 255), (248, 201, 14, 255)]
[(20, 30, 42, 255), (47, 98, 104, 255), (139, 137, 94, 255), (250, 187, 22, 255), (230, 88, 20, 255)]
[(34, 68, 84, 255), (57, 156, 109, 255), (202, 178, 41, 255), (250, 163, 30, 255), (227, 75, 75, 255)]
[(35, 41, 45, 255), (43, 59, 66, 255), (84, 138, 95, 255), (125, 146, 83, 255), (200, 211, 131, 255)]
[(14, 74, 118, 255), (40, 157, 153, 255), (149, 174, 129, 255), (81, 138, 110, 255), (228, 181, 118, 255)]
[(66, 55, 65, 255), (97, 93, 92, 255), (139, 128, 105, 255), (212, 177, 99, 255), (219, 157, 98, 255)]
[(71, 101, 83, 255), (84, 175, 141, 255), (162, 206, 191, 255), (244, 230, 211, 255), (238, 109, 108, 255)]
[(179, 222, 192, 255), (182, 217, 170, 255), (207, 209, 166, 255), (123, 67, 57, 255), (61, 53, 54, 255)]
[(149, 169, 149, 255), (172, 153, 157, 255), (179, 104, 125, 255), (94, 17, 29, 255), (67, 22, 30, 255)]
[(40, 134, 143, 255), (79, 155, 149, 255), (187, 75, 61, 255), (232, 110, 56, 255), (247, 200, 135, 255)]
[(41, 138, 139, 255), (246, 240, 204, 255), (231, 229, 177, 255), (246, 153, 41, 255), (227, 110, 78, 255)]
[(148, 155, 98, 255), (119, 96, 89, 255), (192, 183, 147, 255), (251, 243, 202, 255), (84, 20, 35, 255)]
[(43, 52, 24, 255), (39, 124, 65, 255), (95, 126, 83, 255), (242, 239, 148, 255), (119, 47, 39, 255)]
[(78, 49, 50, 255), (23, 105, 142, 255), (91, 227, 225, 255), (236, 235, 221, 255), (213, 75, 117, 255)]
[(46, 44, 36, 255), (58, 91, 94, 255), (63, 90, 81, 255), (115, 170, 92, 255), (200, 222, 175, 255)]
[(111, 112, 84, 255), (203, 180, 105, 255), (250, 206, 157, 255), (233, 173, 98, 255), (149, 70, 65, 255)]
[(21, 53, 54, 255), (128, 152, 46, 255), (239, 196, 98, 255), (203, 121, 51, 255), (139, 12, 9, 255)]
[(96, 81, 74, 255), (144, 145, 129, 255), (208, 214, 212, 255), (225, 211, 180, 255), (183, 170, 140, 255)]
[(38, 52, 50, 255), (96, 127, 66, 255), (207, 100, 29, 255), (215, 71, 40, 255), (249, 244, 209, 255)]
[(40, 83, 93, 255), (52, 144, 159, 255), (208, 243, 214, 255), (254, 254, 253, 255), (245, 54, 36, 255)]
[(95, 127, 100, 255), (157, 194, 154, 255), (154, 198, 185, 255), (223, 207, 163, 255), (225, 136, 79, 255)]
[(121, 25, 28, 255), (253, 243, 241, 255), (168, 196, 193, 255), (93, 137, 122, 255), (53, 41, 32, 255)]
[(215, 203, 131, 255), (121, 119, 71, 255), (90, 79, 60, 255), (52, 47, 33, 255), (44, 29, 41, 255)]
[(71, 51, 30, 255), (62, 42, 66, 255), (88, 62, 37, 255), (141, 102, 69, 255), (195, 161, 133, 255)]
[(48, 56, 57, 255), (130, 100, 73, 255), (221, 159, 92, 255), (246, 220, 165, 255), (179, 202, 162, 255)]
[(42, 33, 27, 255), (110, 147, 69, 255), (239, 229, 152, 255), (196, 159, 113, 255), (175, 70, 44, 255)]
[(232, 223, 164, 255), (206, 197, 109, 255), (162, 128, 80, 255), (103, 81, 71, 255), (60, 44, 48, 255)]
[(70, 60, 77, 255), (186, 173, 95, 255), (245, 221, 162, 255), (175, 158, 120, 255), (129, 94, 84, 255)]
[(99, 17, 31, 255), (204, 38, 26, 255), (209, 86, 35, 255), (214, 162, 95, 255), (195, 52, 46, 255)]
[(44, 56, 59, 255), (122, 142, 107, 255), (202, 197, 158, 255), (216, 186, 144, 255), (140, 81, 69, 255)]
[(8, 81, 99, 255), (64, 203, 180, 255), (252, 232, 148, 255), (248, 131, 59, 255), (217, 68, 74, 255)]
[(63, 67, 73, 255), (108, 136, 118, 255), (222, 181, 65, 255), (234, 185, 109, 255), (216, 95, 71, 255)]
[(26, 39, 47, 255), (44, 67, 59, 255), (141, 127, 74, 255), (237, 223, 172, 255), (192, 120, 82, 255)]
[(13, 45, 64, 255), (45, 83, 93, 255), (228, 213, 140, 255), (221, 103, 28, 255), (115, 10, 9, 255)]
[(85, 152, 131, 255), (145, 190, 72, 255), (177, 212, 111, 255), (240, 229, 197, 255), (245, 250, 243, 255)]
[(50, 57, 74, 255), (57, 154, 166, 255), (21, 207, 199, 255), (247, 243, 234, 255), (228, 78, 67, 255)]
[(209, 192, 144, 255), (192, 191, 167, 255), (153, 155, 143, 255), (74, 73, 81, 255), (44, 27, 45, 255)]
[(102, 61, 53, 255), (59, 97, 73, 255), (252, 197, 59, 255), (220, 196, 50, 255), (183, 116, 53, 255)]
[(174, 205, 236, 255), (182, 222, 224, 255), (120, 200, 237, 255), (60, 177, 197, 255), (13, 148, 215, 255)]
[(44, 55, 51, 255), (95, 108, 76, 255), (154, 149, 83, 255), (213, 184, 86, 255), (250, 197, 155, 255)]
[(39, 51, 51, 255), (114, 159, 162, 255), (220, 229, 224, 255), (239, 210, 161, 255), (156, 50, 12, 255)]
[(119, 43, 31, 255), (130, 114, 42, 255), (214, 198, 121, 255), (219, 204, 86, 255), (107, 77, 38, 255)]
[(57, 178, 129, 255), (102, 176, 175, 255), (103, 99, 78, 255), (211, 200, 164, 255), (242, 183, 92, 255)]
[(100, 108, 93, 255), (135, 90, 78, 255), (186, 164, 127, 255), (192, 179, 158, 255), (183, 182, 180, 255)]
[(44, 47, 47, 255), (61, 96, 93, 255), (135, 162, 168, 255), (204, 230, 232, 255), (206, 234, 223, 255)]
[(84, 82, 66, 255), (161, 87, 52, 255), (218, 95, 8, 255), (209, 196, 102, 255), (208, 225, 211, 255)]
[(165, 205, 165, 255), (207, 218, 131, 255), (245, 154, 77, 255), (223, 89, 64, 255), (164, 113, 118, 255)]
[(182, 174, 122, 255), (205, 108, 22, 255), (182, 89, 37, 255), (121, 47, 17, 255), (63, 21, 35, 255)]
[(89, 63, 53, 255), (208, 167, 59, 255), (118, 123, 55, 255), (90, 78, 14, 255), (84, 22, 10, 255)]
[(107, 101, 94, 255), (253, 242, 147, 255), (245, 70, 12, 255), (192, 24, 12, 255), (70, 21, 56, 255)]
[(205, 219, 153, 255), (87, 87, 71, 255), (185, 232, 184, 255), (244, 243, 222, 255), (211, 124, 123, 255)]
[(249, 250, 247, 255), (120, 121, 122, 255), (93, 71, 82, 255), (101, 80, 91, 255), (59, 57, 60, 255)]
[(11, 28, 39, 255), (12, 47, 56, 255), (8, 95, 115, 255), (155, 179, 165, 255), (244, 235, 203, 255)]
[(106, 50, 59, 255), (210, 81, 62, 255), (225, 198, 78, 255), (203, 235, 89, 255), (101, 205, 152, 255)]
[(181, 64, 73, 255), (224, 214, 99, 255), (217, 192, 125, 255), (60, 50, 43, 255), (38, 39, 38, 255)]
[(249, 176, 102, 255), (235, 208, 96, 255), (117, 150, 77, 255), (65, 136, 128, 255), (56, 41, 66, 255)]
[(254, 246, 232, 255), (155, 202, 182, 255), (48, 151, 158, 255), (53, 55, 94, 255), (82, 86, 112, 255)]
[(8, 35, 44, 255), (21, 64, 74, 255), (85, 139, 110, 255), (192, 223, 171, 255), (178, 227, 177, 255)]
[(58, 87, 98, 255), (71, 159, 172, 255), (207, 218, 196, 255), (185, 137, 104, 255), (211, 90, 67, 255)]
[(213, 73, 110, 255), (243, 193, 165, 255), (251, 249, 241, 255), (175, 217, 211, 255), (116, 175, 198, 255)]
[(117, 59, 71, 255), (140, 152, 73, 255), (133, 148, 115, 255), (213, 192, 125, 255), (216, 163, 77, 255)]
[(34, 28, 46, 255), (37, 63, 89, 255), (129, 106, 113, 255), (219, 173, 167, 255), (219, 154, 64, 255)]
[(54, 86, 248, 255), (6, 94, 205, 255), (37, 101, 95, 255), (193, 171, 28, 255), (245, 226, 53, 255)]
[(204, 63, 39, 255), (159, 97, 41, 255), (92, 126, 103, 255), (56, 80, 83, 255), (243, 174, 69, 255)]
[(113, 46, 46, 255), (96, 85, 82, 255), (129, 121, 101, 255), (148, 182, 161, 255), (47, 64, 69, 255)]
[(74, 90, 89, 255), (147, 186, 169, 255), (247, 243, 214, 255), (206, 215, 149, 255), (158, 204, 90, 255)]
[(199, 84, 86, 255), (244, 239, 227, 255), (194, 167, 159, 255), (146, 125, 119, 255), (78, 67, 66, 255)]
[(227, 222, 206, 255), (156, 216, 166, 255), (134, 163, 123, 255), (120, 68, 82, 255), (53, 30, 36, 255)]
[(176, 49, 54, 255), (247, 182, 115, 255), (205, 146, 84, 255), (62, 60, 51, 255), (28, 38, 37, 255)]
[(59, 104, 188, 255), (43, 86, 160, 255), (55, 69, 122, 255), (143, 157, 91, 255), (239, 244, 171, 255)]
[(8, 25, 40, 255), (51, 54, 75, 255), (85, 101, 114, 255), (131, 173, 191, 255), (203, 203, 205, 255)]
[(39, 56, 82, 255), (52, 76, 116, 255), (132, 161, 164, 255), (208, 176, 143, 255), (231, 198, 160, 255)]
[(172, 231, 164, 255), (126, 158, 119, 255), (118, 146, 110, 255), (208, 179, 82, 255), (252, 246, 70, 255)]
[(232, 224, 7, 255), (248, 203, 81, 255), (131, 140, 184, 255), (52, 94, 136, 255), (52, 43, 65, 255)]
[(245, 245, 243, 255), (225, 214, 187, 255), (166, 167, 168, 255), (151, 100, 87, 255), (77, 87, 89, 255)]
[(47, 46, 48, 255), (57, 59, 95, 255), (9, 159, 218, 255), (166, 197, 213, 255), (242, 247, 245, 255)]
[(246, 136, 58, 255), (233, 233, 150, 255), (150, 203, 127, 255), (75, 86, 66, 255), (156, 167, 136, 255)]
[(92, 69, 90, 255), (181, 133, 137, 255), (226, 158, 148, 255), (244, 159, 130, 255), (205, 164, 169, 255)]
[(41, 45, 52, 255), (50, 54, 63, 255), (71, 76, 84, 255), (146, 139, 85, 255), (231, 226, 191, 255)]
[(243, 148, 158, 255), (167, 119, 126, 255), (148, 180, 134, 255), (121, 218, 151, 255), (152, 244, 182, 255)]
[(43, 71, 88, 255), (153, 185, 95, 255), (234, 225, 159, 255), (186, 217, 199, 255), (253, 249, 240, 255)]
[(43, 19, 60, 255), (10, 56, 75, 255), (112, 154, 76, 255), (225, 199, 72, 255), (226, 46, 23, 255)]
[(66, 41, 51, 255), (246, 65, 75, 255), (173, 218, 209, 255), (253, 250, 237, 255), (68, 128, 105, 255)]
[(182, 171, 74, 255), (197, 190, 130, 255), (132, 165, 158, 255), (46, 45, 48, 255), (105, 41, 45, 255)]
[(150, 154, 95, 255), (76, 66, 54, 255), (193, 174, 63, 255), (247, 243, 200, 255), (215, 128, 75, 255)]
[(218, 71, 92, 255), (242, 231, 175, 255), (208, 232, 219, 255), (107, 179, 158, 255), (100, 87, 64, 255)]
[(62, 102, 47, 255), (85, 127, 130, 255), (109, 189, 211, 255), (251, 251, 249, 255), (198, 32, 17, 255)]
[(88, 15, 39, 255), (169, 42, 33, 255), (237, 185, 23, 255), (175, 214, 12, 255), (44, 194, 143, 255)]
[(48, 27, 22, 255), (105, 56, 13, 255), (114, 73, 45, 255), (252, 247, 233, 255), (167, 144, 78, 255)]
[(187, 82, 67, 255), (193, 137, 79, 255), (182, 181, 107, 255), (105, 200, 138, 255), (7, 175, 108, 255)]
[(43, 47, 36, 255), (113, 152, 114, 255), (177, 187, 151, 255), (204, 178, 153, 255), (173, 103, 110, 255)]
[(44, 62, 82, 255), (229, 196, 145, 255), (201, 231, 232, 255), (55, 154, 220, 255), (36, 28, 67, 255)]
[(28, 80, 99, 255), (6, 135, 135, 255), (161, 227, 183, 255), (239, 191, 66, 255), (236, 73, 91, 255)]
[(202, 181, 106, 255), (165, 156, 187, 255), (79, 92, 119, 255), (52, 59, 80, 255), (42, 39, 78, 255)]
[(63, 132, 162, 255), (82, 133, 129, 255), (91, 107, 56, 255), (186, 131, 44, 255), (243, 171, 71, 255)]
[(77, 64, 98, 255), (121, 160, 197, 255), (194, 213, 202, 255), (185, 172, 93, 255), (208, 100, 42, 255)]
[(202, 133, 119, 255), (85, 180, 206, 255), (8, 142, 237, 255), (72, 117, 161, 255), (156, 23, 162, 255)]
[(66, 64, 71, 255), (115, 93, 101, 255), (163, 123, 112, 255), (218, 197, 161, 255), (210, 190, 142, 255)]
[(249, 88, 95, 255), (232, 180, 89, 255), (194, 180, 127, 255), (71, 120, 88, 255), (44, 84, 71, 255)]
[(12, 93, 36, 255), (24, 166, 115, 255), (240, 212, 25, 255), (232, 136, 16, 255), (251, 67, 37, 255)]
[(74, 89, 73, 255), (130, 166, 83, 255), (62, 129, 81, 255), (76, 187, 78, 255), (73, 104, 75, 255)]
[(168, 103, 68, 255), (238, 213, 123, 255), (237, 170, 90, 255), (128, 131, 86, 255), (66, 74, 66, 255)]
[(69, 75, 55, 255), (91, 96, 77, 255), (187, 167, 116, 255), (215, 188, 142, 255), (243, 226, 162, 255)]
[(47, 63, 59, 255), (86, 100, 86, 255), (124, 172, 99, 255), (197, 221, 157, 255), (203, 200, 128, 255)]
[(213, 172, 74, 255), (145, 158, 179, 255), (46, 97, 123, 255), (14, 68, 98, 255), (22, 40, 85, 255)]
[(18, 22, 56, 255), (45, 18, 85, 255), (99, 81, 121, 255), (235, 164, 123, 255), (246, 88, 46, 255)]
[(42, 58, 86, 255), (39, 171, 199, 255), (125, 171, 192, 255), (150, 198, 200, 255), (211, 217, 213, 255)]
[(54, 46, 41, 255), (126, 64, 39, 255), (100, 141, 98, 255), (167, 201, 106, 255), (225, 230, 162, 255)]
[(245, 26, 86, 255), (243, 177, 65, 255), (242, 242, 179, 255), (31, 191, 217, 255), (19, 206, 249, 255)]
[(110, 98, 96, 255), (166, 91, 93, 255), (224, 113, 99, 255), (247, 186, 132, 255), (129, 100, 85, 255)]
[(33, 68, 78, 255), (50, 137, 142, 255), (254, 241, 207, 255), (236, 133, 114, 255), (102, 111, 110, 255)]
[(58, 50, 54, 255), (46, 24, 37, 255), (66, 64, 43, 255), (76, 143, 40, 255), (185, 203, 22, 255)]
[(237, 69, 36, 255), (254, 237, 149, 255), (106, 192, 138, 255), (35, 171, 159, 255), (22, 60, 66, 255)]
[(79, 87, 84, 255), (139, 142, 127, 255), (148, 185, 172, 255), (225, 212, 174, 255), (228, 158, 86, 255)]
[(38, 98, 98, 255), (21, 162, 138, 255), (148, 203, 165, 255), (253, 192, 138, 255), (233, 49, 56, 255)]
[(74, 68, 94, 255), (154, 141, 122, 255), (246, 232, 189, 255), (218, 154, 105, 255), (206, 64, 86, 255)]
[(101, 143, 106, 255), (196, 162, 119, 255), (214, 171, 127, 255), (205, 130, 68, 255), (52, 18, 64, 255)]
[(122, 155, 170, 255), (236, 209, 184, 255), (235, 214, 158, 255), (140, 207, 169, 255), (54, 119, 125, 255)]
[(65, 83, 120, 255), (251, 221, 160, 255), (213, 184, 153, 255), (183, 191, 125, 255), (252, 249, 203, 255)]
[(117, 43, 29, 255), (109, 97, 88, 255), (80, 167, 168, 255), (251, 237, 153, 255), (118, 65, 75, 255)]
[(251, 159, 24, 255), (230, 209, 169, 255), (134, 181, 181, 255), (71, 125, 140, 255), (19, 59, 88, 255)]
[(251, 42, 14, 255), (248, 156, 15, 255), (235, 215, 84, 255), (80, 171, 112, 255), (51, 91, 81, 255)]
[(58, 130, 137, 255), (55, 189, 179, 255), (129, 193, 184, 255), (228, 206, 99, 255), (252, 83, 84, 255)]
[(195, 110, 37, 255), (25, 26, 41, 255), (79, 11, 58, 255), (144, 57, 64, 255), (203, 116, 26, 255)]
[(151, 80, 105, 255), (172, 126, 87, 255), (223, 190, 91, 255), (248, 210, 101, 255), (167, 155, 147, 255)]
[(35, 79, 93, 255), (156, 190, 57, 255), (252, 202, 66, 255), (227, 203, 193, 255), (25, 95, 99, 255)]
[(233, 71, 93, 255), (245, 227, 143, 255), (159, 210, 174, 255), (59, 167, 134, 255), (94, 110, 141, 255)]
[(37, 82, 91, 255), (30, 110, 135, 255), (47, 65, 79, 255), (254, 252, 245, 255), (123, 53, 56, 255)]
[(71, 45, 46, 255), (124, 97, 92, 255), (175, 134, 106, 255), (154, 203, 121, 255), (224, 209, 171, 255)]
[(252, 166, 25, 255), (221, 148, 28, 255), (122, 146, 98, 255), (59, 105, 81, 255), (29, 45, 40, 255)]
[(54, 59, 54, 255), (99, 90, 77, 255), (139, 136, 100, 255), (190, 204, 160, 255), (221, 229, 208, 255)]
[(28, 34, 50, 255), (69, 47, 36, 255), (171, 139, 106, 255), (96, 177, 180, 255), (255, 254, 250, 255)]
[(212, 160, 61, 255), (203, 150, 153, 255), (101, 105, 126, 255), (41, 38, 47, 255), (32, 42, 72, 255)]
[(76, 96, 75, 255), (92, 164, 134, 255), (144, 195, 177, 255), (238, 233, 216, 255), (244, 137, 114, 255)]
[(67, 88, 87, 255), (126, 190, 107, 255), (222, 198, 86, 255), (245, 157, 130, 255), (225, 82, 77, 255)]
[(139, 166, 125, 255), (153, 186, 96, 255), (204, 190, 100, 255), (171, 163, 117, 255), (217, 218, 216, 255)]
[(37, 44, 46, 255), (67, 78, 69, 255), (198, 207, 150, 255), (210, 203, 123, 255), (210, 131, 49, 255)]
[(36, 83, 115, 255), (40, 125, 125, 255), (55, 161, 146, 255), (216, 222, 158, 255), (207, 195, 88, 255)]
[(154, 171, 160, 255), (192, 196, 168, 255), (245, 241, 199, 255), (234, 129, 76, 255), (217, 18, 28, 255)]
[(13, 97, 118, 255), (68, 172, 246, 255), (244, 226, 234, 255), (215, 139, 55, 255), (162, 100, 24, 255)]
[(142, 77, 13, 255), (228, 181, 76, 255), (239, 117, 27, 255), (237, 47, 17, 255), (142, 14, 14, 255)]
[(49, 96, 94, 255), (68, 126, 116, 255), (156, 195, 185, 255), (244, 229, 183, 255), (241, 145, 83, 255)]
[(176, 141, 66, 255), (197, 186, 109, 255), (184, 193, 160, 255), (66, 66, 64, 255), (100, 47, 54, 255)]
[(54, 86, 109, 255), (185, 208, 89, 255), (247, 207, 105, 255), (220, 65, 47, 255), (192, 31, 72, 255)]
[(149, 100, 18, 255), (142, 176, 178, 255), (248, 224, 193, 255), (194, 201, 210, 255), (192, 165, 84, 255)]
[(211, 225, 135, 255), (204, 236, 149, 255), (183, 178, 149, 255), (112, 146, 160, 255), (142, 169, 181, 255)]
[(167, 61, 70, 255), (239, 189, 63, 255), (213, 236, 100, 255), (187, 219, 183, 255), (96, 103, 114, 255)]
[(20, 29, 30, 255), (16, 49, 46, 255), (27, 87, 101, 255), (22, 140, 107, 255), (26, 239, 211, 255)]
[(197, 199, 109, 255), (55, 167, 124, 255), (9, 155, 159, 255), (203, 41, 59, 255), (189, 43, 79, 255)]
[(22, 88, 80, 255), (188, 186, 24, 255), (252, 192, 9, 255), (238, 99, 17, 255), (75, 27, 39, 255)]
[(36, 97, 85, 255), (89, 166, 137, 255), (216, 234, 112, 255), (241, 205, 82, 255), (214, 120, 43, 255)]
[(196, 85, 74, 255), (145, 170, 140, 255), (174, 176, 147, 255), (97, 120, 141, 255), (112, 106, 151, 255)]
[(199, 57, 44, 255), (194, 177, 46, 255), (199, 217, 87, 255), (46, 70, 41, 255), (19, 40, 30, 255)]
[(155, 105, 99, 255), (141, 156, 168, 255), (205, 213, 198, 255), (153, 134, 115, 255), (165, 82, 65, 255)]
[(94, 191, 171, 255), (244, 238, 221, 255), (224, 188, 178, 255), (155, 115, 117, 255), (79, 44, 52, 255)]
[(64, 73, 119, 255), (90, 131, 227, 255), (181, 208, 216, 255), (169, 156, 135, 255), (171, 162, 69, 255)]
[(163, 83, 77, 255), (179, 97, 74, 255), (174, 174, 92, 255), (165, 207, 162, 255), (111, 132, 146, 255)]
[(191, 123, 56, 255), (189, 171, 75, 255), (125, 117, 64, 255), (88, 45, 30, 255), (55, 26, 5, 255)]
[(190, 136, 27, 255), (226, 218, 90, 255), (131, 177, 58, 255), (62, 142, 88, 255), (59, 85, 64, 255)]
[(18, 99, 83, 255), (24, 137, 117, 255), (181, 205, 102, 255), (245, 241, 101, 255), (217, 63, 41, 255)]
[(7, 51, 77, 255), (6, 189, 170, 255), (251, 231, 84, 255), (222, 92, 26, 255), (189, 16, 29, 255)]
[(43, 43, 50, 255), (99, 65, 44, 255), (209, 219, 20, 255), (244, 243, 236, 255), (122, 158, 131, 255)]
[(199, 65, 40, 255), (179, 113, 88, 255), (92, 103, 65, 255), (56, 80, 81, 255), (242, 173, 64, 255)]
[(65, 62, 67, 255), (17, 110, 119, 255), (8, 126, 139, 255), (133, 202, 162, 255), (231, 194, 129, 255)]
[(46, 47, 39, 255), (154, 150, 62, 255), (140, 120, 47, 255), (131, 130, 64, 255), (172, 176, 124, 255)]
[(19, 32, 39, 255), (29, 77, 68, 255), (115, 134, 76, 255), (200, 184, 88, 255), (245, 239, 211, 255)]
[(209, 215, 159, 255), (243, 237, 192, 255), (179, 209, 141, 255), (99, 113, 105, 255), (50, 70, 56, 255)]
[(30, 58, 54, 255), (60, 95, 97, 255), (140, 149, 117, 255), (222, 209, 90, 255), (222, 165, 56, 255)]
[(65, 59, 51, 255), (89, 141, 130, 255), (196, 201, 175, 255), (204, 216, 169, 255), (251, 241, 201, 255)]
[(56, 54, 43, 255), (107, 133, 66, 255), (169, 174, 127, 255), (232, 211, 167, 255), (229, 197, 156, 255)]
[(214, 99, 87, 255), (245, 174, 153, 255), (222, 144, 167, 255), (167, 204, 204, 255), (57, 171, 178, 255)]
[(31, 28, 45, 255), (39, 48, 73, 255), (125, 140, 166, 255), (204, 184, 211, 255), (225, 189, 150, 255)]
[(50, 12, 16, 255), (84, 35, 24, 255), (192, 106, 50, 255), (201, 184, 110, 255), (117, 115, 79, 255)]
[(16, 74, 84, 255), (52, 134, 154, 255), (205, 198, 177, 255), (224, 230, 199, 255), (243, 75, 58, 255)]
[(145, 187, 11, 255), (54, 161, 43, 255), (10, 90, 104, 255), (61, 22, 82, 255), (94, 12, 64, 255)]
[(128, 157, 111, 255), (207, 218, 189, 255), (170, 185, 169, 255), (169, 70, 42, 255), (45, 66, 46, 255)]
[(63, 81, 40, 255), (126, 106, 72, 255), (190, 145, 97, 255), (244, 142, 80, 255), (137, 33, 45, 255)]
[(11, 30, 38, 255), (32, 36, 44, 255), (218, 72, 34, 255), (195, 11, 14, 255), (114, 14, 13, 255)]
[(127, 173, 65, 255), (252, 234, 36, 255), (227, 146, 34, 255), (153, 57, 74, 255), (95, 20, 112, 255)]
[(29, 28, 32, 255), (109, 136, 118, 255), (243, 230, 216, 255), (203, 201, 186, 255), (116, 105, 102, 255)]
[(21, 22, 25, 255), (30, 36, 40, 255), (40, 113, 156, 255), (254, 252, 244, 255), (42, 30, 24, 255)]
[(153, 205, 49, 255), (131, 211, 105, 255), (232, 182, 55, 255), (236, 146, 10, 255), (230, 79, 44, 255)]
[(30, 29, 29, 255), (96, 110, 74, 255), (185, 183, 114, 255), (230, 229, 207, 255), (209, 190, 132, 255)]
[(166, 220, 202, 255), (123, 176, 160, 255), (186, 201, 185, 255), (240, 246, 239, 255), (199, 163, 134, 255)]
[(29, 48, 62, 255), (125, 124, 135, 255), (122, 192, 212, 255), (33, 108, 139, 255), (61, 44, 29, 255)]
[(246, 60, 95, 255), (221, 107, 69, 255), (248, 221, 80, 255), (154, 235, 225, 255), (61, 236, 186, 255)]
[(38, 64, 68, 255), (86, 124, 87, 255), (192, 173, 138, 255), (226, 192, 136, 255), (221, 142, 69, 255)]
[(47, 70, 74, 255), (64, 112, 107, 255), (193, 230, 185, 255), (252, 228, 162, 255), (245, 162, 90, 255)]
[(44, 48, 44, 255), (71, 85, 87, 255), (111, 133, 121, 255), (182, 192, 176, 255), (252, 252, 248, 255)]
[(77, 104, 108, 255), (234, 236, 181, 255), (86, 206, 204, 255), (195, 182, 161, 255), (255, 252, 243, 255)]
[(60, 46, 56, 255), (111, 129, 35, 255), (166, 164, 60, 255), (229, 191, 145, 255), (216, 216, 156, 255)]
[(165, 6, 16, 255), (60, 23, 15, 255), (116, 63, 40, 255), (235, 212, 140, 255), (57, 82, 48, 255)]
[(79, 148, 133, 255), (205, 220, 143, 255), (178, 230, 210, 255), (252, 212, 185, 255), (249, 142, 165, 255)]
[(39, 88, 82, 255), (78, 184, 157, 255), (244, 238, 221, 255), (235, 199, 135, 255), (241, 83, 81, 255)]
[(43, 87, 97, 255), (123, 145, 25, 255), (234, 154, 45, 255), (241, 135, 49, 255), (227, 50, 60, 255)]
[(7, 42, 63, 255), (7, 94, 90, 255), (207, 193, 101, 255), (225, 93, 28, 255), (139, 12, 9, 255)]
[(41, 61, 46, 255), (125, 45, 41, 255), (201, 48, 51, 255), (242, 230, 178, 255), (171, 190, 132, 255)]
[(252, 153, 9, 255), (237, 143, 106, 255), (253, 232, 193, 255), (131, 142, 139, 255), (40, 73, 115, 255)]
[(77, 71, 75, 255), (139, 137, 130, 255), (196, 192, 177, 255), (198, 187, 163, 255), (207, 207, 203, 255)]
[(33, 37, 39, 255), (92, 195, 185, 255), (209, 231, 198, 255), (238, 206, 134, 255), (241, 76, 40, 255)]
[(68, 68, 73, 255), (41, 77, 125, 255), (32, 32, 42, 255), (76, 59, 102, 255), (217, 180, 85, 255)]
[(209, 81, 77, 255), (242, 194, 102, 255), (225, 221, 163, 255), (223, 211, 166, 255), (98, 180, 156, 255)]
[(50, 49, 45, 255), (83, 116, 114, 255), (85, 197, 188, 255), (253, 247, 220, 255), (206, 99, 79, 255)]
[(232, 218, 176, 255), (195, 190, 147, 255), (164, 155, 120, 255), (56, 50, 41, 255), (40, 41, 37, 255)]
[(52, 41, 52, 255), (117, 122, 95, 255), (195, 180, 142, 255), (244, 228, 189, 255), (222, 186, 170, 255)]
[(202, 197, 88, 255), (248, 230, 169, 255), (123, 153, 94, 255), (36, 58, 72, 255), (212, 193, 43, 255)]
[(9, 208, 213, 255), (7, 100, 105, 255), (56, 85, 46, 255), (228, 154, 28, 255), (249, 199, 87, 255)]
[(80, 159, 170, 255), (134, 207, 102, 255), (228, 185, 45, 255), (223, 108, 39, 255), (224, 57, 65, 255)]
[(10, 56, 80, 255), (46, 71, 89, 255), (220, 201, 189, 255), (232, 224, 210, 255), (248, 225, 209, 255)]
[(14, 57, 114, 255), (49, 139, 198, 255), (216, 221, 212, 255), (194, 165, 137, 255), (190, 143, 74, 255)]
[(24, 56, 62, 255), (52, 48, 48, 255), (238, 128, 73, 255), (251, 169, 76, 255), (239, 136, 122, 255)]
[(130, 154, 150, 255), (216, 183, 180, 255), (241, 150, 110, 255), (240, 87, 61, 255), (47, 48, 64, 255)]
[(223, 154, 95, 255), (246, 201, 158, 255), (202, 137, 104, 255), (122, 71, 104, 255), (45, 30, 46, 255)]
[(124, 141, 33, 255), (179, 191, 103, 255), (226, 209, 155, 255), (230, 203, 148, 255), (137, 110, 44, 255)]
[(247, 247, 241, 255), (183, 205, 188, 255), (136, 159, 142, 255), (75, 73, 81, 255), (89, 99, 89, 255)]
[(61, 55, 48, 255), (65, 54, 76, 255), (65, 47, 28, 255), (145, 85, 48, 255), (245, 247, 241, 255)]
[(222, 219, 196, 255), (189, 58, 48, 255), (97, 23, 41, 255), (33, 39, 40, 255), (60, 62, 49, 255)]
[(68, 71, 62, 255), (45, 185, 180, 255), (216, 246, 193, 255), (241, 188, 142, 255), (181, 14, 85, 255)]
[(53, 107, 66, 255), (192, 214, 96, 255), (197, 227, 220, 255), (119, 214, 198, 255), (244, 195, 135, 255)]
[(209, 86, 61, 255), (231, 162, 70, 255), (218, 193, 126, 255), (84, 121, 87, 255), (62, 89, 69, 255)]
[(87, 66, 62, 255), (28, 127, 136, 255), (23, 215, 206, 255), (95, 199, 143, 255), (237, 147, 73, 255)]
[(108, 149, 74, 255), (108, 170, 95, 255), (148, 193, 148, 255), (105, 164, 152, 255), (63, 125, 110, 255)]
[(140, 138, 73, 255), (233, 210, 108, 255), (176, 56, 28, 255), (77, 59, 32, 255), (52, 39, 23, 255)]
[(27, 148, 238, 255), (38, 177, 131, 255), (212, 170, 64, 255), (229, 155, 41, 255), (241, 214, 14, 255)]
[(45, 53, 34, 255), (68, 123, 121, 255), (157, 156, 141, 255), (202, 235, 248, 255), (225, 222, 199, 255)]
[(12, 70, 87, 255), (61, 184, 13, 255), (121, 173, 49, 255), (172, 202, 74, 255), (242, 248, 124, 255)]
[(160, 180, 165, 255), (239, 243, 242, 255), (141, 171, 164, 255), (62, 62, 63, 255), (60, 60, 61, 255)]
[(60, 12, 48, 255), (241, 105, 94, 255), (242, 221, 165, 255), (20, 138, 126, 255), (41, 136, 126, 255)]
[(14, 44, 53, 255), (28, 116, 125, 255), (150, 207, 133, 255), (253, 231, 173, 255), (222, 67, 69, 255)]
[(252, 236, 204, 255), (169, 200, 177, 255), (74, 149, 141, 255), (155, 118, 79, 255), (198, 58, 53, 255)]
[(93, 165, 111, 255), (68, 117, 105, 255), (138, 125, 82, 255), (233, 165, 100, 255), (240, 130, 95, 255)]
[(144, 176, 73, 255), (167, 206, 169, 255), (247, 250, 248, 255), (125, 167, 134, 255), (66, 90, 73, 255)]
[(67, 70, 82, 255), (45, 77, 101, 255), (56, 102, 136, 255), (92, 148, 158, 255), (187, 220, 199, 255)]
[(250, 114, 68, 255), (229, 211, 138, 255), (149, 184, 126, 255), (89, 92, 61, 255), (59, 91, 83, 255)]
[(96, 134, 129, 255), (214, 211, 208, 255), (216, 223, 213, 255), (227, 217, 207, 255), (206, 163, 141, 255)]
[(47, 128, 109, 255), (19, 193, 213, 255), (226, 248, 241, 255), (253, 94, 59, 255), (232, 44, 96, 255)]
[(53, 42, 43, 255), (66, 58, 58, 255), (129, 92, 78, 255), (206, 194, 104, 255), (232, 238, 211, 255)]
[(44, 161, 157, 255), (104, 225, 138, 255), (248, 172, 104, 255), (254, 30, 84, 255), (110, 15, 49, 255)]
[(60, 85, 80, 255), (77, 112, 96, 255), (178, 211, 116, 255), (245, 214, 162, 255), (229, 87, 82, 255)]
[(55, 38, 42, 255), (104, 57, 76, 255), (190, 104, 115, 255), (234, 180, 128, 255), (146, 160, 107, 255)]
[(163, 185, 161, 255), (217, 213, 200, 255), (171, 187, 169, 255), (126, 121, 98, 255), (87, 71, 60, 255)]
[(15, 53, 60, 255), (10, 193, 193, 255), (242, 241, 217, 255), (177, 11, 13, 255), (125, 28, 27, 255)]
[(151, 16, 38, 255), (166, 44, 45, 255), (216, 119, 30, 255), (228, 166, 32, 255), (159, 171, 86, 255)]
[(229, 145, 160, 255), (249, 227, 165, 255), (179, 179, 239, 255), (76, 147, 180, 255), (73, 80, 122, 255)]
[(186, 63, 49, 255), (184, 136, 67, 255), (206, 218, 189, 255), (83, 177, 186, 255), (51, 122, 146, 255)]
[(68, 33, 25, 255), (65, 21, 34, 255), (92, 30, 58, 255), (148, 61, 73, 255), (64, 67, 65, 255)]
[(128, 169, 106, 255), (175, 224, 171, 255), (163, 242, 137, 255), (39, 64, 39, 255), (45, 67, 58, 255)]
[(105, 53, 48, 255), (161, 110, 69, 255), (174, 198, 165, 255), (134, 232, 227, 255), (126, 189, 189, 255)]
[(38, 46, 67, 255), (37, 131, 122, 255), (124, 171, 162, 255), (234, 215, 26, 255), (254, 106, 5, 255)]
[(78, 62, 61, 255), (168, 173, 112, 255), (194, 176, 114, 255), (218, 200, 147, 255), (140, 70, 50, 255)]
[(76, 70, 57, 255), (40, 135, 161, 255), (105, 211, 231, 255), (240, 239, 222, 255), (235, 69, 71, 255)]
[(10, 222, 249, 255), (111, 177, 176, 255), (238, 195, 88, 255), (201, 104, 26, 255), (43, 23, 11, 255)]
[(203, 198, 151, 255), (208, 161, 150, 255), (185, 95, 124, 255), (125, 22, 50, 255), (72, 21, 35, 255)]
[(39, 56, 56, 255), (79, 137, 90, 255), (174, 187, 110, 255), (235, 223, 163, 255), (241, 222, 174, 255)]
[(114, 14, 74, 255), (159, 48, 71, 255), (190, 54, 80, 255), (229, 110, 69, 255), (236, 203, 102, 255)]
[(73, 164, 89, 255), (246, 190, 67, 255), (221, 181, 65, 255), (192, 100, 57, 255), (77, 60, 56, 255)]
[(243, 218, 156, 255), (175, 177, 62, 255), (121, 131, 65, 255), (39, 36, 36, 255), (31, 35, 29, 255)]
[(79, 61, 41, 255), (186, 143, 68, 255), (225, 197, 134, 255), (175, 152, 111, 255), (98, 93, 76, 255)]
[(50, 77, 91, 255), (68, 215, 119, 255), (244, 207, 73, 255), (231, 127, 61, 255), (235, 89, 45, 255)]
[(12, 38, 81, 255), (8, 104, 117, 255), (131, 168, 15, 255), (217, 205, 57, 255), (244, 240, 206, 255)]
[(72, 42, 54, 255), (139, 107, 65, 255), (181, 132, 90, 255), (207, 193, 132, 255), (212, 192, 115, 255)]
[(80, 161, 108, 255), (172, 167, 44, 255), (188, 153, 38, 255), (199, 141, 62, 255), (196, 83, 65, 255)]
[(22, 35, 38, 255), (36, 38, 41, 255), (79, 92, 89, 255), (185, 169, 128, 255), (234, 229, 160, 255)]
[(20, 35, 51, 255), (21, 113, 136, 255), (74, 157, 148, 255), (212, 215, 160, 255), (122, 164, 146, 255)]
[(240, 10, 141, 255), (249, 44, 75, 255), (253, 238, 22, 255), (45, 253, 21, 255), (28, 222, 208, 255)]
[(190, 45, 48, 255), (204, 136, 60, 255), (120, 132, 62, 255), (59, 119, 54, 255), (31, 105, 83, 255)]
[(7, 51, 81, 255), (5, 138, 160, 255), (140, 213, 180, 255), (235, 190, 78, 255), (221, 95, 81, 255)]
[(243, 41, 55, 255), (21, 81, 116, 255), (80, 166, 175, 255), (246, 238, 199, 255), (242, 218, 149, 255)]
[(213, 231, 243, 255), (238, 225, 183, 255), (68, 162, 168, 255), (57, 176, 234, 255), (157, 34, 33, 255)]
[(17, 33, 47, 255), (12, 41, 66, 255), (46, 125, 111, 255), (164, 193, 93, 255), (244, 234, 133, 255)]
[(55, 42, 59, 255), (100, 95, 103, 255), (152, 115, 99, 255), (210, 201, 138, 255), (246, 240, 203, 255)]
[(250, 209, 110, 255), (215, 192, 79, 255), (146, 149, 76, 255), (84, 89, 65, 255), (56, 60, 53, 255)]
[(75, 80, 81, 255), (159, 193, 156, 255), (177, 202, 156, 255), (180, 198, 151, 255), (137, 108, 91, 255)]
[(77, 42, 50, 255), (93, 85, 107, 255), (99, 119, 128, 255), (137, 121, 145, 255), (224, 180, 92, 255)]
[(67, 51, 41, 255), (76, 66, 51, 255), (94, 123, 97, 255), (159, 191, 143, 255), (212, 216, 176, 255)]
[(134, 63, 31, 255), (93, 112, 94, 255), (76, 144, 177, 255), (137, 175, 229, 255), (254, 252, 253, 255)]
[(67, 39, 42, 255), (95, 86, 82, 255), (135, 120, 97, 255), (199, 183, 141, 255), (62, 69, 52, 255)]
[(107, 77, 24, 255), (173, 85, 29, 255), (200, 180, 59, 255), (239, 217, 96, 255), (178, 117, 68, 255)]
[(193, 103, 94, 255), (119, 137, 92, 255), (199, 209, 168, 255), (135, 130, 104, 255), (123, 68, 59, 255)]
[(51, 35, 51, 255), (187, 133, 142, 255), (247, 243, 236, 255), (173, 175, 175, 255), (155, 162, 178, 255)]
[(170, 77, 45, 255), (177, 110, 71, 255), (133, 149, 107, 255), (173, 197, 131, 255), (179, 181, 143, 255)]
[(26, 146, 128, 255), (27, 160, 165, 255), (196, 201, 75, 255), (248, 85, 63, 255), (233, 74, 94, 255)]
[(81, 46, 68, 255), (137, 112, 122, 255), (218, 145, 115, 255), (242, 223, 183, 255), (173, 148, 124, 255)]
[(140, 105, 73, 255), (239, 234, 191, 255), (212, 195, 160, 255), (99, 113, 104, 255), (41, 40, 41, 255)]
[(67, 51, 71, 255), (162, 161, 124, 255), (224, 200, 153, 255), (218, 164, 55, 255), (195, 107, 43, 255)]
[(116, 132, 66, 255), (68, 64, 43, 255), (40, 27, 20, 255), (93, 73, 41, 255), (132, 102, 52, 255)]
[(246, 146, 229, 255), (242, 34, 243, 255), (176, 163, 128, 255), (51, 118, 114, 255), (59, 148, 92, 255)]
[(22, 75, 80, 255), (31, 114, 121, 255), (33, 130, 152, 255), (252, 249, 235, 255), (223, 62, 58, 255)]
[(19, 86, 95, 255), (115, 165, 137, 255), (242, 219, 164, 255), (221, 157, 118, 255), (216, 100, 90, 255)]
[(130, 142, 127, 255), (187, 218, 174, 255), (249, 198, 114, 255), (217, 100, 89, 255), (179, 41, 64, 255)]
[(89, 71, 74, 255), (154, 173, 169, 255), (244, 243, 242, 255), (194, 195, 199, 255), (108, 122, 140, 255)]
[(184, 172, 134, 255), (249, 246, 216, 255), (177, 188, 163, 255), (103, 119, 108, 255), (75, 69, 75, 255)]
[(41, 38, 33, 255), (29, 42, 55, 255), (64, 64, 71, 255), (207, 187, 176, 255), (236, 198, 165, 255)]
[(45, 60, 76, 255), (157, 157, 144, 255), (253, 246, 225, 255), (205, 99, 63, 255), (106, 51, 52, 255)]
[(182, 77, 67, 255), (193, 159, 88, 255), (220, 213, 127, 255), (210, 207, 173, 255), (110, 100, 95, 255)]
[(52, 54, 47, 255), (113, 142, 87, 255), (154, 169, 91, 255), (232, 217, 137, 255), (241, 226, 186, 255)]
[(243, 175, 102, 255), (218, 222, 159, 255), (26, 200, 195, 255), (9, 175, 139, 255), (6, 56, 56, 255)]
[(22, 66, 80, 255), (16, 171, 120, 255), (171, 174, 106, 255), (207, 152, 68, 255), (216, 86, 69, 255)]
[(57, 64, 68, 255), (88, 119, 113, 255), (153, 202, 197, 255), (247, 247, 240, 255), (229, 220, 176, 255)]
[(86, 146, 146, 255), (222, 142, 95, 255), (248, 86, 65, 255), (215, 89, 64, 255), (119, 148, 103, 255)]
[(251, 145, 50, 255), (175, 183, 109, 255), (141, 207, 127, 255), (63, 97, 69, 255), (40, 77, 62, 255)]
[(233, 221, 154, 255), (107, 74, 42, 255), (66, 47, 27, 255), (36, 36, 32, 255), (78, 41, 18, 255)]
[(103, 184, 151, 255), (189, 191, 140, 255), (164, 145, 81, 255), (92, 75, 43, 255), (65, 46, 23, 255)]
[(75, 55, 71, 255), (131, 133, 147, 255), (120, 151, 131, 255), (219, 198, 136, 255), (226, 155, 74, 255)]
[(39, 36, 51, 255), (49, 72, 61, 255), (61, 125, 68, 255), (119, 154, 77, 255), (180, 212, 73, 255)]
[(151, 94, 82, 255), (68, 71, 68, 255), (51, 90, 81, 255), (7, 67, 103, 255), (250, 226, 107, 255)]
[(139, 140, 65, 255), (215, 171, 91, 255), (181, 146, 77, 255), (170, 82, 85, 255), (117, 56, 66, 255)]
[(151, 174, 99, 255), (247, 226, 119, 255), (222, 69, 49, 255), (163, 58, 80, 255), (93, 48, 48, 255)]
[(64, 78, 84, 255), (105, 111, 100, 255), (201, 162, 115, 255), (234, 196, 143, 255), (252, 214, 178, 255)]
[(219, 127, 44, 255), (220, 195, 157, 255), (56, 148, 159, 255), (14, 112, 129, 255), (55, 42, 95, 255)]
[(62, 54, 58, 255), (27, 37, 81, 255), (13, 56, 65, 255), (63, 156, 105, 255), (254, 246, 233, 255)]
[(17, 47, 48, 255), (68, 127, 128, 255), (111, 191, 202, 255), (252, 253, 252, 255), (254, 156, 6, 255)]
[(162, 159, 104, 255), (242, 215, 127, 255), (144, 125, 53, 255), (83, 71, 50, 255), (56, 43, 28, 255)]
[(102, 200, 51, 255), (243, 241, 235, 255), (202, 174, 150, 255), (198, 81, 98, 255), (111, 44, 65, 255)]
[(188, 52, 56, 255), (217, 158, 126, 255), (233, 208, 179, 255), (101, 165, 155, 255), (81, 139, 155, 255)]
[(39, 65, 82, 255), (156, 155, 158, 255), (180, 179, 181, 255), (130, 207, 203, 255), (254, 251, 242, 255)]
[(66, 20, 36, 255), (192, 61, 102, 255), (208, 153, 146, 255), (227, 235, 225, 255), (177, 190, 184, 255)]
[(4, 168, 135, 255), (172, 229, 77, 255), (230, 215, 98, 255), (221, 105, 56, 255), (196, 38, 57, 255)]
[(35, 16, 37, 255), (80, 19, 39, 255), (157, 52, 59, 255), (230, 131, 76, 255), (237, 113, 39, 255)]
[(182, 143, 86, 255), (244, 232, 191, 255), (186, 180, 149, 255), (53, 87, 86, 255), (28, 37, 58, 255)]
[(86, 86, 55, 255), (127, 159, 63, 255), (185, 188, 96, 255), (172, 175, 80, 255), (173, 139, 88, 255)]
[(82, 83, 78, 255), (119, 149, 138, 255), (184, 211, 201, 255), (242, 236, 213, 255), (220, 96, 94, 255)]
[(50, 67, 83, 255), (117, 165, 168, 255), (142, 186, 169, 255), (214, 218, 159, 255), (177, 203, 177, 255)]
[(90, 139, 45, 255), (248, 152, 28, 255), (247, 236, 223, 255), (61, 203, 210, 255), (8, 137, 153, 255)]
[(13, 66, 88, 255), (63, 149, 175, 255), (241, 203, 144, 255), (247, 83, 70, 255), (221, 63, 81, 255)]
[(195, 214, 164, 255), (183, 192, 162, 255), (168, 163, 131, 255), (58, 55, 45, 255), (33, 32, 37, 255)]
[(94, 36, 99, 255), (131, 26, 110, 255), (97, 39, 70, 255), (87, 84, 19, 255), (250, 248, 11, 255)]
[(33, 49, 36, 255), (38, 152, 109, 255), (140, 195, 143, 255), (248, 244, 168, 255), (150, 162, 16, 255)]
[(243, 19, 22, 255), (241, 87, 18, 255), (242, 175, 18, 255), (213, 164, 54, 255), (38, 102, 95, 255)]
[(59, 39, 70, 255), (121, 144, 85, 255), (195, 188, 102, 255), (192, 168, 128, 255), (231, 185, 112, 255)]
[(56, 23, 21, 255), (171, 71, 24, 255), (191, 174, 136, 255), (225, 221, 183, 255), (38, 46, 35, 255)]
[(147, 185, 177, 255), (102, 177, 175, 255), (103, 100, 77, 255), (171, 60, 61, 255), (183, 130, 91, 255)]
[(9, 155, 228, 255), (58, 122, 180, 255), (233, 234, 229, 255), (132, 131, 132, 255), (89, 66, 32, 255)]
[(153, 95, 59, 255), (68, 82, 79, 255), (143, 136, 120, 255), (195, 211, 182, 255), (228, 198, 88, 255)]
[(18, 62, 67, 255), (15, 70, 120, 255), (55, 102, 115, 255), (241, 243, 235, 255), (202, 53, 49, 255)]
[(179, 69, 78, 255), (247, 136, 51, 255), (253, 230, 140, 255), (106, 211, 168, 255), (29, 103, 95, 255)]
[(219, 247, 248, 255), (76, 91, 23, 255), (81, 161, 123, 255), (253, 235, 126, 255), (199, 53, 89, 255)]
[(23, 74, 85, 255), (54, 182, 191, 255), (249, 227, 101, 255), (146, 111, 175, 255), (92, 48, 90, 255)]
[(246, 186, 97, 255), (223, 191, 173, 255), (120, 7, 63, 255), (29, 32, 69, 255), (18, 41, 89, 255)]
[(124, 36, 77, 255), (231, 51, 43, 255), (246, 64, 38, 255), (238, 143, 84, 255), (158, 183, 149, 255)]
[(132, 80, 87, 255), (34, 68, 61, 255), (34, 65, 69, 255), (28, 92, 94, 255), (132, 213, 216, 255)]
[(40, 115, 93, 255), (221, 248, 153, 255), (142, 186, 126, 255), (67, 100, 83, 255), (54, 46, 39, 255)]
[(63, 94, 101, 255), (130, 191, 176, 255), (180, 227, 154, 255), (240, 22, 68, 255), (226, 65, 69, 255)]
[(234, 218, 182, 255), (194, 178, 121, 255), (140, 81, 45, 255), (119, 63, 29, 255), (62, 32, 23, 255)]
[(102, 148, 122, 255), (207, 173, 126, 255), (221, 136, 65, 255), (142, 84, 66, 255), (124, 35, 54, 255)]
[(50, 98, 90, 255), (93, 191, 120, 255), (243, 219, 86, 255), (252, 163, 5, 255), (239, 85, 28, 255)]
[(83, 121, 35, 255), (237, 228, 104, 255), (120, 125, 78, 255), (191, 37, 53, 255), (100, 8, 31, 255)]
[(20, 36, 34, 255), (36, 78, 60, 255), (159, 183, 136, 255), (200, 213, 136, 255), (213, 128, 113, 255)]
[(209, 166, 124, 255), (105, 97, 58, 255), (33, 30, 28, 255), (35, 22, 33, 255), (39, 34, 30, 255)]
[(205, 94, 89, 255), (194, 177, 102, 255), (222, 236, 215, 255), (53, 157, 222, 255), (42, 130, 195, 255)]
[(150, 73, 37, 255), (252, 239, 176, 255), (196, 203, 165, 255), (156, 98, 91, 255), (83, 64, 64, 255)]
[(81, 79, 80, 255), (227, 89, 97, 255), (245, 228, 197, 255), (208, 169, 136, 255), (136, 194, 150, 255)]
[(238, 40, 122, 255), (242, 233, 98, 255), (152, 214, 107, 255), (75, 172, 103, 255), (27, 120, 98, 255)]
[(31, 32, 38, 255), (70, 84, 64, 255), (133, 130, 85, 255), (186, 181, 123, 255), (224, 214, 154, 255)]
[(94, 191, 170, 255), (187, 160, 106, 255), (184, 106, 35, 255), (120, 59, 25, 255), (175, 34, 56, 255)]
[(61, 163, 101, 255), (186, 186, 116, 255), (220, 192, 92, 255), (194, 115, 63, 255), (152, 73, 61, 255)]
[(88, 48, 86, 255), (129, 186, 194, 255), (218, 239, 232, 255), (239, 224, 220, 255), (189, 185, 171, 255)]
[(82, 41, 69, 255), (80, 61, 49, 255), (214, 79, 39, 255), (229, 93, 45, 255), (201, 202, 129, 255)]
[(208, 78, 10, 255), (248, 70, 33, 255), (103, 128, 88, 255), (76, 119, 82, 255), (9, 207, 179, 255)]
[(46, 59, 68, 255), (64, 88, 100, 255), (58, 144, 149, 255), (226, 216, 181, 255), (241, 179, 89, 255)]
[(63, 50, 44, 255), (134, 174, 114, 255), (234, 235, 214, 255), (216, 198, 130, 255), (149, 73, 56, 255)]
[(128, 126, 100, 255), (151, 176, 135, 255), (230, 185, 90, 255), (245, 192, 153, 255), (213, 64, 82, 255)]
[(56, 102, 110, 255), (62, 193, 195, 255), (156, 226, 186, 255), (244, 235, 153, 255), (154, 135, 139, 255)]
[(50, 66, 62, 255), (118, 169, 176, 255), (250, 250, 247, 255), (77, 77, 75, 255), (60, 33, 49, 255)]
[(127, 20, 56, 255), (212, 194, 168, 255), (128, 125, 116, 255), (102, 101, 100, 255), (68, 65, 68, 255)]
[(94, 170, 183, 255), (65, 207, 199, 255), (244, 215, 175, 255), (245, 19, 78, 255), (219, 49, 72, 255)]
[(41, 50, 51, 255), (76, 159, 128, 255), (250, 245, 177, 255), (226, 207, 83, 255), (223, 144, 59, 255)]
[(214, 223, 187, 255), (188, 188, 115, 255), (157, 146, 95, 255), (123, 48, 55, 255), (180, 40, 46, 255)]
[(14, 99, 96, 255), (20, 201, 198, 255), (243, 200, 41, 255), (174, 17, 14, 255), (129, 23, 20, 255)]
[(107, 107, 48, 255), (176, 154, 79, 255), (218, 171, 91, 255), (207, 81, 71, 255), (170, 45, 63, 255)]
[(250, 242, 208, 255), (240, 199, 72, 255), (240, 157, 15, 255), (88, 68, 59, 255), (44, 69, 88, 255)]
[(177, 46, 42, 255), (239, 86, 74, 255), (253, 237, 235, 255), (55, 152, 220, 255), (41, 104, 132, 255)]
[(155, 210, 188, 255), (33, 190, 140, 255), (27, 161, 121, 255), (41, 128, 48, 255), (46, 200, 91, 255)]
[(61, 69, 77, 255), (66, 57, 81, 255), (99, 30, 100, 255), (207, 125, 44, 255), (236, 177, 93, 255)]
[(240, 224, 183, 255), (137, 160, 130, 255), (75, 82, 86, 255), (48, 47, 54, 255), (33, 29, 33, 255)]
[(62, 69, 60, 255), (77, 123, 118, 255), (151, 205, 225, 255), (236, 235, 232, 255), (254, 250, 244, 255)]
[(174, 93, 74, 255), (206, 161, 84, 255), (150, 165, 85, 255), (106, 188, 160, 255), (81, 177, 129, 255)]
[(85, 64, 74, 255), (153, 181, 152, 255), (230, 242, 199, 255), (210, 188, 169, 255), (191, 92, 64, 255)]
[(60, 48, 39, 255), (155, 186, 174, 255), (218, 204, 185, 255), (165, 145, 133, 255), (73, 57, 65, 255)]
[(162, 114, 96, 255), (162, 181, 174, 255), (174, 216, 214, 255), (164, 235, 244, 255), (116, 59, 20, 255)]
[(30, 81, 92, 255), (60, 97, 110, 255), (97, 172, 181, 255), (223, 220, 191, 255), (250, 233, 197, 255)]
[(104, 104, 103, 255), (27, 26, 45, 255), (47, 43, 42, 255), (95, 137, 92, 255), (217, 215, 204, 255)]
[(47, 123, 99, 255), (56, 153, 126, 255), (250, 223, 56, 255), (244, 182, 38, 255), (241, 154, 75, 255)]
[(23, 43, 63, 255), (25, 74, 90, 255), (100, 98, 63, 255), (94, 91, 19, 255), (219, 100, 37, 255)]
[(230, 222, 199, 255), (216, 159, 131, 255), (144, 88, 77, 255), (87, 39, 41, 255), (51, 10, 20, 255)]
[(170, 143, 48, 255), (251, 139, 8, 255), (223, 163, 48, 255), (160, 66, 42, 255), (185, 28, 9, 255)]
[(67, 27, 45, 255), (160, 161, 78, 255), (229, 209, 68, 255), (192, 182, 43, 255), (191, 141, 53, 255)]
[(162, 193, 166, 255), (225, 195, 102, 255), (207, 128, 85, 255), (116, 59, 97, 255), (94, 44, 113, 255)]
[(252, 231, 129, 255), (214, 152, 76, 255), (189, 94, 56, 255), (124, 48, 54, 255), (41, 38, 56, 255)]
[(227, 181, 159, 255), (235, 217, 131, 255), (129, 128, 90, 255), (37, 83, 57, 255), (25, 30, 39, 255)]
[(75, 48, 54, 255), (162, 134, 125, 255), (161, 134, 102, 255), (210, 180, 151, 255), (206, 79, 77, 255)]
[(255, 10, 105, 255), (97, 53, 127, 255), (241, 247, 11, 255), (155, 242, 15, 255), (13, 199, 224, 255)]
[(226, 235, 119, 255), (91, 203, 130, 255), (230, 150, 17, 255), (251, 163, 26, 255), (228, 23, 14, 255)]
[(64, 56, 37, 255), (96, 165, 136, 255), (242, 232, 195, 255), (217, 139, 73, 255), (130, 37, 27, 255)]
[(252, 238, 168, 255), (167, 169, 150, 255), (135, 155, 136, 255), (43, 65, 88, 255), (37, 28, 52, 255)]
[(85, 110, 87, 255), (96, 190, 149, 255), (236, 195, 107, 255), (244, 181, 98, 255), (237, 95, 75, 255)]
[(50, 207, 179, 255), (59, 202, 210, 255), (250, 80, 96, 255), (230, 100, 91, 255), (157, 136, 110, 255)]
[(66, 117, 148, 255), (120, 156, 176, 255), (165, 190, 192, 255), (195, 204, 194, 255), (248, 247, 242, 255)]
[(70, 72, 66, 255), (137, 112, 100, 255), (70, 53, 57, 255), (84, 58, 38, 255), (221, 172, 124, 255)]
[(58, 144, 83, 255), (59, 180, 191, 255), (197, 218, 194, 255), (234, 156, 119, 255), (177, 95, 69, 255)]
[(25, 111, 93, 255), (92, 184, 159, 255), (166, 219, 182, 255), (227, 215, 118, 255), (214, 97, 71, 255)]
[(102, 102, 104, 255), (199, 199, 201, 255), (255, 254, 252, 255), (72, 174, 191, 255), (36, 48, 53, 255)]
[(108, 160, 158, 255), (103, 180, 164, 255), (208, 195, 103, 255), (226, 222, 181, 255), (216, 93, 98, 255)]
[(199, 81, 81, 255), (248, 117, 97, 255), (234, 220, 156, 255), (191, 228, 213, 255), (52, 186, 154, 255)]
[(82, 70, 87, 255), (211, 70, 71, 255), (231, 229, 211, 255), (235, 224, 204, 255), (167, 198, 190, 255)]
[(176, 106, 80, 255), (116, 101, 86, 255), (163, 81, 53, 255), (61, 28, 23, 255), (67, 40, 42, 255)]
[(200, 244, 179, 255), (154, 216, 165, 255), (135, 161, 121, 255), (130, 92, 67, 255), (58, 34, 41, 255)]
[(190, 110, 66, 255), (193, 134, 114, 255), (212, 145, 109, 255), (246, 222, 171, 255), (215, 171, 128, 255)]
[(167, 55, 75, 255), (52, 46, 64, 255), (88, 112, 108, 255), (226, 212, 192, 255), (215, 192, 138, 255)]
[(104, 237, 140, 255), (133, 206, 30, 255), (96, 25, 69, 255), (219, 26, 45, 255), (134, 21, 34, 255)]
[(159, 17, 85, 255), (227, 11, 91, 255), (236, 138, 119, 255), (193, 207, 48, 255), (128, 216, 125, 255)]
[(28, 103, 103, 255), (103, 186, 150, 255), (243, 191, 41, 255), (244, 113, 27, 255), (243, 67, 8, 255)]
[(110, 41, 42, 255), (59, 68, 69, 255), (133, 127, 84, 255), (193, 147, 103, 255), (99, 36, 29, 255)]
[(13, 120, 133, 255), (78, 140, 134, 255), (250, 193, 66, 255), (221, 88, 50, 255), (191, 37, 37, 255)]
[(104, 94, 78, 255), (211, 63, 18, 255), (217, 98, 24, 255), (162, 42, 37, 255), (132, 17, 16, 255)]
[(28, 33, 34, 255), (34, 76, 55, 255), (76, 106, 78, 255), (167, 153, 89, 255), (244, 209, 120, 255)]
[(151, 16, 40, 255), (81, 26, 19, 255), (66, 48, 17, 255), (228, 161, 36, 255), (220, 180, 51, 255)]
[(6, 13, 89, 255), (6, 53, 105, 255), (70, 110, 117, 255), (222, 180, 84, 255), (233, 98, 58, 255)]
[(212, 208, 156, 255), (195, 175, 127, 255), (106, 119, 109, 255), (71, 60, 75, 255), (59, 36, 53, 255)]
[(78, 241, 220, 255), (68, 208, 198, 255), (38, 155, 177, 255), (244, 108, 71, 255), (58, 88, 77, 255)]
[(64, 79, 30, 255), (16, 58, 104, 255), (26, 109, 144, 255), (53, 168, 194, 255), (217, 227, 214, 255)]
[(182, 230, 180, 255), (121, 192, 103, 255), (71, 129, 68, 255), (39, 63, 33, 255), (37, 48, 25, 255)]
[(47, 71, 73, 255), (75, 150, 119, 255), (171, 211, 180, 255), (233, 230, 177, 255), (249, 88, 72, 255)]
[(52, 144, 140, 255), (199, 223, 55, 255), (218, 175, 36, 255), (57, 57, 53, 255), (89, 51, 28, 255)]
[(50, 114, 114, 255), (20, 134, 178, 255), (155, 224, 222, 255), (185, 222, 170, 255), (254, 229, 21, 255)]
[(238, 214, 168, 255), (111, 142, 134, 255), (164, 119, 73, 255), (193, 138, 113, 255), (146, 57, 63, 255)]
[(59, 45, 63, 255), (56, 90, 57, 255), (160, 157, 45, 255), (225, 225, 114, 255), (212, 180, 140, 255)]
[(18, 45, 54, 255), (23, 176, 166, 255), (247, 219, 56, 255), (253, 157, 8, 255), (204, 12, 8, 255)]
[(24, 51, 63, 255), (12, 64, 66, 255), (67, 145, 129, 255), (174, 198, 143, 255), (209, 177, 106, 255)]
[(33, 130, 130, 255), (243, 190, 120, 255), (244, 210, 152, 255), (177, 171, 136, 255), (131, 91, 67, 255)]
[(34, 47, 37, 255), (77, 160, 123, 255), (244, 246, 205, 255), (181, 110, 53, 255), (94, 15, 30, 255)]
[(230, 180, 133, 255), (192, 36, 44, 255), (86, 27, 53, 255), (17, 121, 115, 255), (15, 194, 187, 255)]
[(92, 56, 73, 255), (198, 146, 161, 255), (185, 166, 145, 255), (204, 189, 150, 255), (247, 224, 225, 255)]
[(81, 88, 125, 255), (102, 196, 154, 255), (234, 228, 131, 255), (234, 118, 62, 255), (243, 52, 88, 255)]
[(39, 34, 35, 255), (93, 94, 69, 255), (210, 124, 37, 255), (241, 185, 12, 255), (234, 93, 31, 255)]
[(44, 28, 24, 255), (254, 252, 246, 255), (33, 95, 131, 255), (31, 39, 41, 255), (21, 21, 23, 255)]
[(11, 37, 58, 255), (29, 86, 119, 255), (104, 147, 157, 255), (129, 127, 128, 255), (147, 141, 107, 255)]
[(237, 168, 96, 255), (209, 148, 52, 255), (159, 114, 64, 255), (99, 80, 37, 255), (137, 95, 54, 255)]
[(8, 27, 37, 255), (27, 90, 90, 255), (146, 173, 131, 255), (227, 186, 109, 255), (176, 86, 56, 255)]
[(212, 52, 9, 255), (171, 115, 102, 255), (173, 161, 71, 255), (239, 138, 9, 255), (38, 58, 73, 255)]
[(216, 65, 59, 255), (241, 195, 103, 255), (233, 222, 136, 255), (222, 219, 170, 255), (103, 150, 128, 255)]
[(35, 40, 44, 255), (80, 110, 97, 255), (162, 147, 117, 255), (182, 194, 175, 255), (226, 234, 219, 255)]
[(4, 101, 16, 255), (18, 126, 83, 255), (92, 184, 32, 255), (231, 205, 32, 255), (246, 101, 45, 255)]
[(201, 121, 126, 255), (217, 191, 152, 255), (238, 232, 203, 255), (171, 226, 187, 255), (171, 217, 180, 255)]
[(94, 63, 51, 255), (248, 244, 175, 255), (215, 236, 192, 255), (110, 154, 130, 255), (49, 47, 62, 255)]
[(98, 150, 96, 255), (197, 202, 29, 255), (213, 165, 49, 255), (211, 88, 72, 255), (160, 53, 65, 255)]
[(60, 65, 79, 255), (86, 85, 82, 255), (126, 181, 164, 255), (245, 221, 138, 255), (194, 70, 98, 255)]
[(29, 36, 69, 255), (30, 148, 134, 255), (244, 216, 161, 255), (221, 96, 63, 255), (139, 107, 80, 255)]
[(111, 179, 205, 255), (167, 203, 191, 255), (211, 222, 186, 255), (243, 218, 188, 255), (247, 218, 79, 255)]
[(100, 39, 65, 255), (147, 85, 106, 255), (216, 179, 192, 255), (234, 241, 223, 255), (158, 178, 94, 255)]